0.239647512228 0.793431058543 0.663477670876
0.910906205103 0.386201349112
0.240155566764 0.116978472475
0.592833858871 0.379308705751
0.296604158217 0.329112434674
0.725134037479 0.603944694605
0.554709462348 0.233044328703
0.769718158441 0.382241941342
0.151601244917 0.0202449656856
0.348159828869 0.164932915487
0.214820487145 0.981771912674
0.0294646441502 0.0667290229715
0.652936844004 0.257356947915
0.626577987608 0.344673398077
0.323106888307 0.912147745765
0.899863006602 0.157634957913
0.828341935297 0.383587414235
0.159796647412 0.735798547826
0.960520160708 0.294667785816
0.231120473038 0.110325370281
0.780601874876 0.436274887958
