0.833470058872 0.332049951198 0.0388971986594
0.994732557302 0.940535091712
0.551325088133 0.399619194452
0.750482383958 0.00931092209041
0.356729116264 0.843065425241
0.76542997332 0.700197428964
0.114467998536 0.400270617069
0.853865748774 0.892557525707
0.487059000561 0.328129514354
0.358359912948 0.134311136334
0.490299000517 0.05537635407
0.973584196573 0.0960029829741
0.458936191977 0.530403923837
0.946491957314 0.070847966436
0.511933144468 0.174670187664
0.754522787062 0.216488562216
0.503644851322 0.549080798927
0.40637356083 0.0754069514283
0.849953262651 0.853418141709
0.204646923586 0.493286514656
0.688920807532 0.0147984371005
