0.909765239687 0.346341664757 0.0139563372662
0.684802941324 0.699237532803
0.304501942407 0.34407103881
0.00532442155703 0.836408735667
0.278568891432 0.932776253714
0.805988055137 0.0938342515696
0.162642611824 0.748304422943
0.965009109908 0.767987602413
0.746081512368 0.329086675203
0.969722820595 0.268494496548
0.0714584239103 0.637195472824
0.612696538299 0.336544225136
0.615993114806 0.779130970057
0.857049939611 0.14859680307
0.840743134149 0.642796533212
0.250034088475 0.102981183277
0.177760036373 0.704772246878
0.466994792277 0.675672938294
0.494595360233 0.730376746055
0.196905841472 0.791473778124
0.584434678976 0.99803409172
