0.533715509708 0.321507274031 4.60807393072
0.345011940027 0.916546535711
0.223099787985 0.197989324185
0.964972340638 0.444468498352
0.553138074725 0.665453316133
0.242905067314 0.651715361241
0.816611690663 0.988457384807
0.357949870281 0.689684857199
0.262362775233 0.809806967402
0.572769456538 0.248381052738
0.560291268868 0.980408830064
0.878167783226 0.310437229463
0.482870548358 0.00706547143956
0.338133295479 0.796325585452
0.45074138222 0.204948696085
0.724460531741 0.390502324672
0.595131313274 0.666537141424
0.680456613055 0.0694249696212
0.184621783337 0.0871263620423
0.734080728349 0.949932131138
0.651301135386 0.0871359840608
