0.865704828976 0.375732464969 0.068637793571
0.23795211537 0.448225618713
0.489833160879 0.012105862091
0.105426858083 0.438562491094
0.423191922321 0.268080020354
0.0972665001266 0.190451713185
0.720981838708 0.843655765204
0.798039392667 0.00123754926962
0.0588204679202 0.0426121322325
0.90828941605 0.618965298788
0.2468647508 0.820702771356
0.151618756475 0.752975869098
0.299476202352 0.803924909185
0.125308022874 0.169367587377
0.175996360617 0.00865016644049
0.729195948101 0.55751983278
0.337042963977 0.567359801521
0.852641587314 0.620491082846
0.813136851434 0.990208954234
0.23954033396 0.404332908674
0.551311730697 0.178069467045
