19
0.658874565819 0.308809014488
0.0868236229068 0.273031025667
0.884095488743 0.238418203193
0.272045472057 0.0509657013988
0.467412287762 0.12915402139
0.788726007194 0.133772527215
0.574301375547 0.610813381363
0.828631306029 0.730619907745
0.412614671447 0.614480163948
0.0992996166629 0.488949553812
0.165658615348 0.62355659555
0.161584108963 0.324674113473
0.181019688117 0.0740629460735
0.564264052033 0.821070040111
0.801421898766 0.146808301173
0.499480400587 0.341242134059
0.978013436834 0.63529047509
0.628454559355 0.919840399474
0.427103995594 0.362701245963
