17
0.389502176737 0.0024724135296
0.122524252691 0.523737128442
0.829530450449 0.922431473522
0.144425415665 0.12559045202
0.169985214773 0.674115983945
0.937901035258 0.218277842535
0.930744636682 0.0302499516854
0.683777857246 0.70964327217
0.293649785901 0.283944748343
0.58925328982 0.381796153812
0.569979769906 0.449133036386
0.0449038527154 0.711995390316
0.52369864973 0.208522200625
0.214826564887 0.336519002262
0.161642976446 0.61894795684
0.138145839258 0.469535825489
0.590210395294 0.148838836297
