19
0.336139093878 0.368199775011
0.454545079463 0.240466858111
0.746375015184 0.399585559791
0.0467980884257 0.312299688929
0.234998644387 0.198212388375
0.0121110562383 0.0940961019881
0.254938082269 0.750497081123
0.352831595359 0.417525821123
0.302226750227 0.827414182883
0.645449847933 0.0289524371056
0.0914800532497 0.363891926797
0.384923311285 0.221310747738
0.230671205993 0.857438320455
0.792529872828 0.854608996081
0.369333303647 0.602761660334
0.57463777189 0.591511866246
0.645137437314 0.731532743047
0.694464753706 0.910627458386
0.590461549875 0.585876192914
